-96
136
120
327
125
21
-107
127
79
-138
-64
-54
-255
79
217
53
30
-124
40
9
-64
68
101
37
74
-38
9
-87
60
-22
71
-99
-43
-151
-267
236
-38
-117
-10
113
12
-2
-77
140
-60
52
-31
-33
-177
-27
-52
198
-10
111
-113
74
39
-15
133
-125
-100
97
21
-111
23
6
-120
-18
-19
-105
190
-315
-27
-283
57
196
19
-60
-5
-23
83
113
83
-117
-192
-106
183
100
-171
73
-136
47
-64
-276
88
-5
-118
-12
-95
-80
-22
22
-105
166
-81
-35
29
-40
53
-68
17
-6
80
-72
1
-175
99
-221
28
-103
64
-14
-81
-114
150
155
123
-57
56
-134
73
87
51
109
-179
78
29
206
-135
26
-150
-120
259
6
57
22
-31
250
200
76
-38
-150
162
99
-97
-37
314
-3
-37
67
120
141
59
30
-94
-81
1
-5
14
128
-162
90
-79
-263
82
90
-48
5
-66
23
-186
8
25
-230
4
133
-145
-10
-154
-25
17
-99
-189
109
-33
-41
219
95
147
103
-143
34
-37
-192
181
-11
-30
82
122
-218
-162
102
34
25
86
-167
-30
74
88
216
45
116
210
167
-27
126
-7
-47
-77
115
-203
-201
44
-156
16
34
-5
-34
-19
62
-40
-41
-128
91
250
-85
-115
-139
-92
79
45
-11
31
-43
-119
157
-111
-40
97
127
-178
76
39
-32
-11
-82
15
-54
18
-112
82
163
74
167
-3
213
-54
-36
145
-128
198
37
-73
163
-87
-131
62
-7
94
101
-148
27
191
18
-174
-43
-11
39
-13
-55
-8
-102
123
3
128
-31
-77
163
40
-174
-196
-181
28
45
-54
36
69
-188
136
-112
-74
-102
-157
-153
18
-46
118
38
-115
298
88
-115
-86
-158
-8
-182
-96
82
-21
-217
-100
-16
5
101
-12
-5
77
47
-12
-18
160
288
-149
-12
24
122
-2
-5
68
-74
71
17
57
7
137
-177
-164
-7
14
221
92
-88
-165
-105
159
-27
-3
18
194
-96
22
-177
4
44
-6
-93
30
-89
-59
-187
32
34
-41
183
-1
112
3
42
-146
152
149
72
-88
114
145
-101
-5
-19
-127
-169
86
158
-21
-105
-38
-78
-24
-82
-62
83
-46
58
131
53
-80
12
-158
15
204
3
-17
129
-56
53
-32
-3
33
-134
-136
9
-32
-140
-108
-41
7
-24
73
-110
-19
-79
-65
-65
185
144
56
144
43
82
-110
64
186
39
9
-78
-2
-130
-124
7
-25
-85
-79
73
19
120
-64
-32
-98
-205
-80
-8
-306
-73
-37
-70
217
-75
85
-71
-53
46
127
-104
4
101
52
62
88
-94
32
82
-105
44
-194
-36
-126
10
78
-63
31
0
0
-33
-152
-56
111
142
-245
181
-6
-152
74
-108
-62
123
23
-88
-82
-2
286
-1
54
125
133
29
-43
-63
26
110
-127
-57
100
12
-145
92
-144
-77
-21
-88
-3
58
-11
46
-2
32
-30
-15
104
-103
348
60
-113
-295
19
74
-19
54
-186
-21
114
-46
-112
-47
-161
154
141
253
-54
-48
-27
-230
23
-139
194
2
109
-4
-77
45
46
83
-36
105
33
-79
-199
-7
36
93
-17
-39
63
-91
-170
26
135
60
83
-71
-106
138
-44
-177
-11
79
104
-127
-135
75
-1
-48
219
49
-67
-128
-235
102
-134
18
209
16
-42
40
-154
-48
88
-188
-29
-120
164
59
7
-116
32
-228
-203
-9
-15
166
79
47
138
-58
19
-49
-47
56
-53
-20
-79
-19
26
241
-61
-160
-138
-87
31
186
-126
47
45
-164
-46
-118
28
83
-151
-26
-238
148
168
-184
-6
48
-98
48
-158
-230
-131
121
-243
59
-31
118
-131
-240
279
-46
4
-147
66
-85
-106
210
-13
-37
-29
185
49
-190
-6
192
29
167
-211
256
162
156
31
154
78
67
81
211
-242
-95
-41
-6
40
143
25
152
-155
251
144
-94
24
-62
-61
-85
-23
146
-108
-148
190
80
166
104
-100
125
11
-2
264
38
34
22
-188
-67
-304
-207
-65
48
-251
30
58
-16
-13
-39
-19
-52
-155
-124
-103
57
-191
210
-258
25
-61
21
-114
-16
18
50
195
147
-12
-67
63
-258
-4
140
-43
111
-54
64
110
-173
-137
30
111
182
-191
22
-92
-7
173
-20
205
-46
-56
-100
-2
-71
-46
-5
65
22
-211
-24
56
-220
42
-65
36
-57
-114
11
-74
-21
57
105
48
-243
40
-3
-105
113
-76
-42
-222
-22
22
49
-196
101
-83
114
106
-65
-235
19
117
133
-74
-74
-226
-58
48
-45
-22
-135
41
-96
116
-66
144
61
-194
-83
-60
-51
-219
-22
5
-31
-37
-180
-131
-122
137
172
296
138
60
142
341
-140
-22
108
-232
8
-124
5
179
165
-74
-71
235
152
-90
-7
118
-55
37
-127
190
24
-76
161
-89
187
126
-113
-72
-37
164
3
115
-30
-174
-1
-206
133
66
137
131
137
31
-242
-156
128
-71
96
57
-119
-302
-92
89
70
119
119
-10
-215
-108
215
41
-206
-141
-99
-104
29
-4
-41
-147
-40
125
-51
-4
-67
33
-147
91
-148
-25
-133
-175
142
-133
-10
59
165
-54
12
49
58
36
47
160
-125
-66
-4
37
301
-20
15
-130
-38
-127
14
-17
-37
91
-1
-126
-228
-281
117
-91
203
103
209
33
-15
-149
36
-75
-99
-103
112
90
152
58
-49
15
-42
47
41
-46
-117
-9
-24
-181
171
-32
94
-38
-14
39
106
116
97
-89
-195
69
-78
113
50
99
27
-83
47
35
72
-23
-179
49
-241
-97
-120
62
-51
-218
83
144
-226
-5
61
-290
99
-34
55
53
196
-42
-134
147
-24
-123
-17
131
-12
250
-108
435
-139
-76
223
-80
51
-28
195
28
-69
-78
149
-154
-50
244
-46
-70
143
-269
-84
28
-15
158
-73
-122
49
-184
54
49
17
-14
-83
105
83
-30
33
-108
87
-66
104
-126
-81
124
39
-47
235
197
-111
3
-41
115
-32
-131
-64
213
-64
106
-91
-58
-77
134
-174
-131
14
-60
-148
-116
-28
33
-234
-59
54
-25
0
38
150
-117
-73
-84
71
62
11
-284
44
-21
-16
-196
71
3
87
199
50
-98
54
-39
-190
-56
51
130
75
33
-57
-159
19
80
77
-13
45
31
-14
136
60
-190
-12
-131
127
-54
-146
-171
-125
7
71
-102
-23
-385
133
-51
21
69
-135
217
-59
18
117
96
-156
-61
9
88
-95
-27
14
103
69
-34
116
39
-23
67
-16
-139
-88
-42
-73
-147
184
11
77
-57
93
16
26
66
-80
-152
175
20
-154
1
-83
167
5
-53
53
6
-226
-77
53
27
212
115
-54
42
-87
32
109
-125
-25
-73
21
-132
115
-249
43
132
29
103
-13
-87
9
134
6
-139
-145
87
-274
-42
210
-63
94
-73
-82
-170
43
14
-172
-24
-42
29
76
211
-65
-23
-52
-50
-17
-137
-141
132
52
-46
-188
-183
190
2
-144
-244
-3
35
78
155
186
176
34
22
178
-54
8
-71
13
15
-63
71
-40
-206
64
-17
186
33
-49
246
105
163
-94
169
-191
66
10
-186
65
108
-46
-121
176
-13
-211
-45
-29
41
-87
-74
239
42
58
-87
43
13
-44
45
-41
-72
71
140
121
-102
108
92
147
-135
-38
-158
32
15
-106
177
63
-93
-4
82
-64
-17
55
110
-295
86
325
-1
-190
237
170
106
-144
-18
126
-332
9
3
-197
50
49
-74
-106
-28
2
51
-145
177
82
0
169
-103
232
43
-72
-152
65
-111
18
139
9
-77
-131
-236
-84
52
-31
203
-6
-74
1
-124
27
55
6
-178
-2
-6
128
106
121
-145
-62
-8
-31
4
186
-33
-36
196
13
-176
-65
-60
118
1
211
49
83
-52
-29
57
236
-138
-127
-51
-72
111
59
-210
-11
38
-154
85
-76
-124
36
33
-154
-51
-190
117
-17
-13
14
90
198
145
59
107
116
95
-15
-128
-187
123
-75
32
-10
-55
216
14
74
-131
190
78
223
50
-10
-71
-267
78
-92
81
-2
232
-34
-122
35
121
-121
94
75
-3
-107
-15
-184
-18
-48
-122
110
291
53
27
-272
-99
173
117
54
-58
61
98
-38
-32
-5
-86
70
-212
-167
110
136
118
-203
-30
24
102
18
-20
144
86
-34
67
31
86
52
21
72
-226
-78
-3
-1
-150
84
-56
7
67
-63
80
-106
-114
78
123
40
90
13
-29
-67
127
47
-167
-43
-180
-90
242
8
-109
-115
55
165
-30
-58
-124
-54
-30
-177
110
125
-39
132
-396
-191
96
25
165
36
-262
94
91
-128
-91
4
110
95
-52
33
-55
313
52
-13
30
66
56
-1
-286
19
152
0
-112
131
10
42
18
-76
-263
40
17
-103
78
-46
-40
-204
-298
42
127
-128
77
8
65
-116
157
-107
12
-82
-22
-135
61
223
-36
-2
-18
42
140
-28
-45
-94
98
-201
-151
41
-21
-25
117
-91
25
39
-45
-26
-243
-119
-50
195
-69
-5
173
-47
-167
-186
-73
44
-185
-50
116
49
46
-157
75
93
-164
-57
-184
41
94
-35
-48
4
32
91
161
166
-37
12
-70
-22
234
1
-50
87
-215
-152
-28
-300
104
31
238
-8
-28
-109
69
66
89
70
-105
49
84
-55
-75
-106
-98
32
74
58
-122
-239
-164
-395
-145
-68
6
193
22
119
52
264
77
-79
-43
181
339
-192
-22
-101
-45
146
-77
-27
55
118
-57
-100
-110
23
74
-51
126
63
-44
-165
3
-54
110
-10
-98
-64
-276
19
72
-157
-68
100
97
133
144
67
-176
-18
65
180
-204
49
-18
157
176
153
-227
-166
59
-177
100
-56
15
-68
121
-6
4
-83
-51
-11
-8
16
-92
-56
-117
-9
100
43
25
3
-59
-61
14
-31
69
-11
63
117
5
46
12
25
-30
-28
-69
-292
69
-84
-176
54
-233
-84
201
113
83
-62
-98
63
182
-82
-33
-28
-45
83
28
33
84
25
3
-163
91
-68
154
-62
247
-89
-29
186
134
-147
134
-36
-18
-19
-32
82
56
-65
112
-2
-226
119
-165
111
78
-183
72
106
36
31
-98
25
55
122
7
75
-82
-98
-117
-122
68
-43
-63
100
-36
22
163
-81
-72
50
32
-47
135
-27
2
-76
110
-182
-46
239
-101
-57
190
-13
-73
25
-131
61
226
-98
121
44
-28
-119
-145
-77
-42
155
280
-102
20
-165
49
-13
102
-182
260
-169
120
-110
-142
32
-78
-59
39
187
79
-243
-10
38
-122
52
-63
-52
4
55
-2
-28
65
-11
133
-23
-73
-66
43
-151
-104
-249
58
-250
average: -0.000186525
