2
-3
10
-11
1
7
-2
8
-1
-18
-2
10
9
5
-11
5
-5
10
-13
-2
-7
-20
3
4
-1
3
-10
5
3
4
-3
7
2
0
0
-11
23
0
-7
11
13
6
5
9
1
2
-12
3
-5
16
0
3
5
8
3
-14
0
-17
6
-3
10
1
11
-4
12
-8
-7
-2
-9
0
10
-12
6
-2
9
2
-17
14
-12
3
-5
-6
-1
4
12
4
4
-5
-1
-1
6
-1
0
2
-5
8
-12
12
4
-7
5
-8
4
2
-11
15
19
-2
1
-11
2
-17
-4
0
-2
2
0
2
7
3
-16
-15
-12
-6
-6
-3
7
-13
-6
-3
3
7
-4
-6
-16
5
-9
-1
6
12
11
3
3
-1
14
4
-7
-11
-9
0
9
8
1
4
-13
3
3
0
-9
-9
-10
9
-4
2
-1
7
-6
3
-16
3
5
-7
10
-5
1
-5
-1
-6
0
5
1
5
-2
6
-20
9
1
0
-20
-7
2
3
-3
4
-2
-2
20
4
-10
-1
average: -0.0021
