-3
-4
-8
-10
9
-6
-4
-3
-2
13
10
-3
-4
-3
4
2
9
-4
-6
3
13
-9
3
3
-17
-7
28
11
-11
5
-3
15
-9
1
-5
1
-1
7
-7
-2
9
-21
-9
1
12
2
-9
8
6
3
1
-2
-1
3
3
-1
-9
-18
7
10
-14
-3
-8
9
6
-7
8
6
0
-4
-2
-6
7
5
0
-5
-8
8
-18
-3
-4
-11
-6
-4
2
2
-6
6
5
4
-9
-3
-11
-6
-5
-12
6
-24
-1
3
-1
-4
-7
17
-16
-12
-1
10
-4
7
-3
0
0
9
4
0
1
-4
3
-2
1
-6
5
-1
-3
5
6
12
-3
-2
-1
1
5
4
-3
-8
5
-13
-10
4
-8
-5
-2
-1
1
8
2
2
3
11
10
-2
-9
-5
-6
2
-6
7
-5
-2
14
5
0
1
0
0
-2
-5
5
0
-8
-4
-3
1
-11
-9
18
-2
-4
-11
-5
-7
4
-8
21
7
8
3
-1
5
-8
-1
10
10
-16
-23
3
13
-5
12
average: -0.00525
