0
4
1
-6
0
-1
15
8
-8
4
-13
12
-1
3
-11
7
-5
10
-13
4
-4
5
19
7
3
5
4
4
2
4
0
4
10
-11
-5
-3
-7
10
2
0
6
1
-2
12
-4
-1
-4
-3
6
-5
-14
-6
-13
7
4
6
-7
2
-1
10
10
17
9
-3
5
-1
0
-5
-17
-11
-9
-3
-3
-2
0
-1
16
18
-8
-16
1
8
12
5
0
1
0
7
-5
-8
12
0
-5
0
-1
9
24
-2
13
-2
-6
-11
13
-5
10
6
3
-15
7
-3
-6
4
8
21
-10
6
5
-5
13
-8
-1
7
-7
-10
2
5
-8
3
-10
4
-16
-5
2
-10
-15
-11
3
3
5
-2
-1
8
6
-7
15
4
8
-6
12
-11
13
12
-3
5
-3
20
-17
14
7
-1
0
4
26
-5
3
-6
-4
-6
6
12
-2
10
-7
10
0
6
10
1
-2
-9
-5
1
3
-5
4
-1
-4
0
0
10
-1
-2
-12
-6
5
6
3
3
-6
11
average: 0.0105
