104
52
-122
103
-65
-18
-56
16
-20
197
-155
-11
-123
46
19
-39
-114
109
-215
-62
-91
-123
45
51
71
102
145
114
-237
-61
-344
64
51
-7
-191
-159
-108
72
142
-37
-30
-202
30
32
-97
-45
-60
29
-17
-37
-1
16
-106
227
86
-168
-83
-26
41
198
-124
-180
-78
147
-135
-83
123
-156
-27
-15
105
-210
196
5
71
179
-232
222
-40
71
40
-63
8
-158
124
-166
41
6
259
-196
186
-7
157
166
-10
-96
-51
11
77
69
133
-123
70
-55
180
119
20
-120
322
64
-79
-46
221
63
202
-139
-184
98
-203
-68
27
-101
-11
-106
126
120
115
143
-11
-16
-5
92
-88
-14
126
-140
89
-23
-55
13
-17
36
144
-159
-100
135
-75
-98
-22
-136
-36
-131
80
-72
90
-159
-63
-81
140
156
19
-25
139
8
46
-156
151
79
90
304
-27
42
-106
28
112
53
75
-94
38
112
-79
96
143
-102
148
-66
6
7
127
36
13
-51
-95
-56
-10
125
-219
-143
20
60
-9
-160
-19
37
46
-7
3
-63
189
-39
-1
6
-135
34
48
145
35
43
-90
75
-192
-99
184
-17
85
37
-75
-127
-28
-233
-11
118
-58
-92
-130
-201
193
-23
42
44
79
-66
-31
66
87
-26
-137
258
53
-22
55
110
-17
62
-89
159
-100
-68
17
140
-109
-116
-85
9
37
91
-71
-28
75
33
23
-76
-36
51
8
19
-74
-56
-77
-100
116
-4
18
-85
36
61
4
-3
92
184
-100
-17
-19
124
-6
44
167
8
-31
9
-100
-129
184
112
-182
77
62
-147
112
148
6
41
-109
2
-103
256
-40
89
-25
52
-73
76
-7
-97
179
-87
-5
174
-127
-15
93
5
90
101
-92
42
25
61
36
-229
167
141
126
-167
8
-80
121
-332
6
-13
259
-29
156
-74
158
-9
121
-25
-3
-19
184
5
-5
-69
-10
-64
33
-59
83
54
80
-226
46
-231
123
175
133
-44
-88
40
-186
-289
91
13
22
33
108
-2
-77
245
59
54
79
-153
112
58
-51
-9
-113
-28
-129
-95
-154
24
-51
-46
-114
-113
8
-195
50
28
166
-186
80
-161
184
264
-114
21
-1
103
-8
36
150
71
55
83
-130
-49
166
121
216
-197
144
-36
-88
107
60
-13
-47
68
-135
29
133
39
1
231
-126
92
194
80
20
-124
179
-186
-1
-25
27
68
53
165
-136
-16
99
35
-100
52
59
3
99
163
62
69
-118
-23
1
2
-93
16
-2
-199
-34
-1
259
15
-126
4
-81
-129
-73
118
-116
-166
-8
104
-115
103
-38
107
86
29
-73
55
-37
-66
-2
55
14
-97
-8
33
8
24
-71
-173
-76
116
12
59
-122
65
-38
84
60
5
-143
10
45
200
-23
127
-83
77
8
95
-15
-169
297
54
7
45
-132
13
-96
-129
27
3
-26
-56
146
-138
152
-124
-19
32
-214
-40
13
-156
257
-209
66
37
-128
186
-61
-144
107
-36
6
-36
15
119
261
-118
-81
-56
-70
15
-71
20
-17
146
9
-179
70
130
-70
188
169
-146
-11
114
-156
-24
82
-9
-30
22
230
33
-41
-44
-140
124
43
-69
-9
-36
108
61
42
180
29
-58
48
0
-131
124
-106
-128
-56
18
-148
23
21
-35
-59
-96
3
2
17
-15
66
90
172
-114
34
80
70
49
-58
-38
-77
47
-68
12
-63
82
-261
147
-331
-172
86
115
-73
136
-133
238
52
26
57
46
85
-95
181
-165
-7
-7
-81
23
122
8
75
61
-12
-9
-5
-24
43
55
112
5
32
-177
156
-160
-91
-34
-61
-68
25
-115
9
244
-366
31
-26
127
67
57
-156
-1
-147
-63
134
74
-75
-104
-244
-110
125
30
101
159
10
-100
45
-31
-68
-62
0
17
24
178
177
91
-85
24
199
-22
156
-29
3
158
-18
110
36
-92
-10
167
150
-82
-2
159
47
-81
-187
25
60
-175
-72
93
4
11
90
-71
246
-64
-39
-97
-60
22
34
-182
105
-146
3
85
-61
-8
23
-80
27
-142
23
33
234
231
-37
106
-159
154
311
219
21
-241
-56
-12
84
7
-71
-33
76
94
326
116
245
-102
-35
-156
10
108
157
-67
-14
29
-56
-145
184
-18
100
-38
290
-73
135
7
-111
-33
197
-205
123
-33
41
220
163
132
-64
47
-131
69
87
107
55
-203
52
-14
-25
160
17
-31
33
-185
91
-177
38
35
-187
150
-41
-23
-3
69
88
-167
-23
45
-41
-32
99
-24
-100
88
194
-7
127
68
110
-66
-118
-135
70
72
-53
-2
-24
-122
199
-88
-36
4
192
55
0
139
-131
-6
-14
-60
-130
184
121
42
-15
40
-13
114
-188
-65
22
-223
120
-124
-53
-140
104
11
195
-111
84
-12
-1
-173
-104
150
8
80
31
36
44
-216
34
-121
59
8
-27
65
105
-137
43
-5
0
-85
6
-26
77
-224
-139
-64
1
-148
-14
114
120
65
107
153
93
-139
129
98
120
-37
16
-15
-65
-53
-111
-88
-151
-34
-95
-79
-26
131
-34
22
106
66
-3
-157
-169
186
76
-42
236
-14
89
107
63
-20
-179
-46
130
-150
170
-72
91
280
-38
21
224
60
82
-85
19
118
-45
-52
135
-82
-57
29
-80
-134
49
-105
-19
12
190
34
-151
22
-37
-104
-60
-71
238
143
115
68
-162
-60
79
101
90
50
50
-37
42
-112
35
98
80
193
-46
-5
-25
110
-68
-75
-66
-83
-76
-35
-18
-84
228
-72
111
-6
-55
-106
-115
33
-165
-47
-41
-4
1
-111
-3
219
-8
-226
81
-3
50
50
25
-201
57
67
-50
10
-56
91
122
-120
-3
34
1
-112
32
-17
42
-70
-188
-8
129
-66
40
73
170
67
232
-6
-63
-46
249
2
81
77
200
166
-21
58
-242
-36
-51
-24
-25
-184
117
13
-249
-58
18
-123
122
-122
-129
-20
39
-75
135
49
-50
-58
-250
-316
-142
61
90
59
-31
-57
30
14
-230
-18
-73
205
150
263
10
133
-4
-135
-1
22
-52
-71
4
31
47
-81
124
-3
28
138
-69
93
-18
-1
124
91
-43
-153
-114
-138
-111
-26
-14
-68
23
-121
71
94
-46
27
-3
36
-231
-64
177
-32
25
88
156
-76
69
66
21
-66
-174
-120
50
14
16
37
264
-50
53
-96
104
-90
302
-203
-117
-37
-61
-26
-88
36
-41
177
241
232
21
118
0
35
94
-52
67
-65
105
-21
6
-71
188
20
-130
51
81
33
27
-158
221
69
53
99
-3
43
-155
80
-15
134
-90
14
94
-4
106
96
-83
32
164
-81
57
71
-76
-14
3
181
106
-12
-57
175
13
126
60
-133
59
-4
-64
88
-23
-103
-111
-77
15
-67
-98
-59
-31
120
-52
174
-27
-72
22
-3
-33
210
66
-16
-33
5
79
66
7
-237
22
166
-13
40
-56
59
-18
77
76
-40
-24
27
182
13
-94
-43
22
-39
-46
23
94
104
-8
95
30
-14
-146
88
130
45
-8
271
-17
-80
97
36
89
-122
61
51
115
-107
-10
-93
-102
-150
47
13
54
-74
87
-72
138
-38
93
-24
26
31
81
61
51
25
-60
116
44
-69
129
127
-147
132
-253
30
134
39
4
239
-3
-177
-41
44
169
101
105
-1
-5
43
-235
-209
20
-72
77
94
-37
-95
-84
220
-110
-23
-26
-31
142
324
-4
99
-36
-186
-82
-18
94
30
81
141
150
186
-142
10
-18
50
4
145
104
-28
-50
-4
161
-168
17
216
10
0
58
91
-8
63
-253
-5
12
-141
46
-56
91
-17
-60
-49
256
42
55
240
-61
-54
-97
152
-1
44
127
95
88
136
-65
256
42
-33
-7
106
-86
70
92
-125
-118
93
6
52
217
72
119
-77
-112
48
8
176
-101
-28
59
16
13
325
72
-32
-7
109
112
-195
183
-47
42
84
-188
83
-205
-4
-36
238
-184
-104
87
139
-25
3
-82
-30
7
12
80
179
40
89
54
-29
134
-25
-11
-78
186
42
5
-67
-68
62
-255
73
209
-132
-151
-161
53
-50
58
79
7
70
-195
-46
-25
177
55
-246
-94
80
2
7
90
-93
162
134
68
-40
205
27
60
-115
-189
81
361
63
19
63
48
121
113
24
81
36
-11
-101
337
-184
-32
-128
72
33
-157
-29
19
24
-43
-320
73
-107
142
97
-25
-24
-105
-60
253
-23
86
-165
76
190
-34
-74
-114
2
26
-4
31
-26
-49
21
111
-113
-55
91
56
10
-29
-77
95
-4
167
197
-136
36
-146
121
143
116
66
-248
-209
-153
-44
-36
-86
-117
-3
120
217
-111
-50
69
-41
-105
1
-37
73
-147
39
1
40
20
-27
-129
115
206
36
-83
81
104
-126
153
-113
-47
82
-19
62
38
132
65
-20
65
6
59
66
38
-62
19
-58
-109
45
84
-124
-45
243
-26
49
-58
-72
-319
278
29
13
88
144
140
87
-83
56
40
-187
-212
143
190
8
34
90
152
27
-229
-160
-111
94
7
177
-112
-166
-168
184
164
192
-102
72
14
-31
-73
86
-43
-70
-31
57
-149
86
-78
-46
35
-245
136
-229
56
-130
-83
-148
-153
-109
143
15
109
161
-150
180
82
-160
-164
203
6
-107
-21
208
-65
42
54
-27
81
-95
-66
32
-195
-163
-10
107
175
-82
53
-88
-48
77
36
-113
73
125
-11
-81
58
-149
7
81
30
-160
-52
-234
162
-26
-84
86
-37
-20
-74
-203
-211
5
-88
52
-42
-139
-85
-8
294
-32
-181
-37
-117
36
-50
61
-37
90
58
124
-27
96
14
-77
121
-70
-81
-64
30
-55
-81
-73
47
42
-66
51
-36
77
-79
66
-95
-57
-270
-42
-11
217
90
-91
-55
165
80
103
1
3
-85
128
33
125
106
-120
22
50
-131
-133
-50
104
75
67
79
269
33
33
38
-125
110
-6
92
71
97
-118
-17
11
-41
-202
76
-129
202
156
-122
-144
-41
48
-91
59
-31
33
84
58
28
-21
-69
-22
-14
-90
-216
25
149
16
-74
229
-53
46
81
-89
262
7
60
72
199
76
-54
17
-26
142
261
44
-162
-84
-135
26
49
45
155
-164
-27
-38
-125
21
-25
225
96
-177
-45
203
156
-111
-16
-136
51
30
-114
121
-92
-27
182
56
-17
-54
132
-161
62
-44
-258
-136
-64
-106
115
57
193
-83
182
-56
-10
14
65
74
-71
35
-59
-86
-13
-107
3
-103
-101
32
109
-124
95
-36
54
-140
8
-9
-37
-61
-34
average: 0.000334625
